ADarkField SPolygon TErase 8
(2321, 2431) (429, 5248) (1447, 2359) (2751, 6707) (5889, 4590) (2722, 1744) (4528, 1315) (2321, 2431) 
ADarkField SCurve TErase 91
(2636, 5134) (2636, 5134) (2636, 5162) (2636, 5263) (2579, 5406) (2364, 5634) (2221, 5777) (1977, 5949) (1905, 6006) (1848, 6063) (1733, 6206) (1604, 6478) (1561, 6693) (1561, 6821) (1619, 6950) (1791, 7150) (2063, 7436) (2307, 7651) (2736, 8023) (2980, 8237) (3252, 8495) (3539, 8709) (3668, 8809) (3739, 8824) (3754, 8824) (3840, 8795) (4083, 8666) (4255, 8523) (4370, 8395) (4485, 8166) (4485, 7994) (4513, 7608) (4513, 7322) (4499, 6922) (4499, 6264) (4499, 5935) (4427, 5577) (4370, 5506) (4298, 5420) (4212, 5277) (4026, 4991) (3682, 4533) (3510, 4333) (3424, 4233) (3396, 4233) (3353, 4219) (3181, 4147) (2923, 4090) (2579, 4047) (2393, 4047) (2321, 4047) (2149, 4118) (1819, 4290) (1490, 4505) (1246, 4690) (1089, 4862) (974, 5077) (902, 5420) (888, 5706) (888, 5920) (888, 6192) (888, 6464) (960, 7136) (1074, 7708) (1175, 8166) (1175, 8380) (1175, 8709) (1175, 9081) (1232, 9596) (1346, 9896) (1533, 10268) (1791, 10554) (1963, 10726) (2192, 10840) (2364, 10897) (2493, 10969) (2622, 11040) (2693, 11069) (2736, 11083) (2765, 11083) (2851, 11083) (2951, 11112) (3052, 11112) (3138, 11112) (3195, 11112) (3267, 11112) (3539, 10998) (3811, 10926) (3997, 10855) (3997, 10855) (2636, 5134) 
ADarkField SCircle TErase 2
(1977, 1244) (1218, 10) 
ADarkField SLine TErase 2
(2637, 423) (3466, 425) 
ADarkField SRectangle TErase 2
(2652, 304) (3450, 510) 
ADarkField SCurve TErase 147
(6015, 531) (6015, 531) (6015, 529) (6023, 514) (6026, 490) (6026, 466) (6019, 436) (6014, 416) (6001, 382) (5995, 361) (5979, 336) (5972, 324) (5961, 315) (5946, 304) (5933, 297) (5920, 285) (5913, 278) (5904, 267) (5899, 262) (5889, 255) (5881, 248) (5874, 242) (5859, 228) (5850, 218) (5841, 204) (5836, 197) (5826, 184) (5814, 175) (5801, 171) (5791, 168) (5774, 162) (5753, 153) (5727, 140) (5711, 134) (5702, 129) (5696, 126) (5688, 123) (5679, 119) (5673, 116) (5661, 114) (5650, 110) (5635, 103) (5628, 102) (5624, 99) (5618, 98) (5607, 94) (5588, 89) (5578, 85) (5568, 82) (5552, 81) (5540, 77) (5519, 70) (5504, 64) (5492, 61) (5479, 57) (5466, 54) (5451, 50) (5441, 47) (5433, 46) (5427, 45) (5418, 45) (5403, 42) (5393, 40) (5381, 36) (5374, 35) (5364, 33) (5356, 33) (5349, 33) (5343, 33) (5337, 34) (5332, 35) (5329, 37) (5325, 41) (5324, 43) (5320, 49) (5317, 60) (5317, 70) (5317, 82) (5318, 89) (5323, 102) (5327, 105) (5330, 109) (5334, 110) (5338, 113) (5347, 119) (5367, 124) (5397, 134) (5410, 138) (5425, 147) (5430, 149) (5435, 153) (5439, 158) (5456, 171) (5466, 182) (5483, 194) (5491, 201) (5509, 214) (5533, 232) (5549, 242) (5565, 252) (5575, 258) (5592, 268) (5628, 285) (5655, 298) (5680, 308) (5685, 310) (5688, 315) (5695, 325) (5716, 341) (5738, 355) (5745, 359) (5750, 364) (5754, 367) (5765, 377) (5781, 386) (5805, 404) (5815, 413) (5822, 418) (5832, 426) (5836, 431) (5847, 438) (5857, 447) (5878, 463) (5890, 472) (5902, 480) (5907, 483) (5909, 485) (5918, 495) (5931, 508) (5958, 526) (5968, 532) (5971, 534) (5976, 539) (5979, 540) (5982, 541) (5988, 541) (5990, 541) (5996, 542) (6000, 544) (6003, 545) (6007, 545) (6009, 545) (6011, 545) (6014, 545) (6011, 545) (6011, 545) (6015, 531) 
ADarkField SPolygon TErase 13
(5855, 12354) (5771, 12456) (5694, 12507) (5640, 12534) (5494, 12584) (5298, 12609) (5300, 12655) (5515, 12610) (5691, 12544) (5865, 12425) (5945, 12401) (5952, 12081) (5855, 12354) 
ADarkField SCurve TErase 46
(4900, 1916) (4900, 1916) (4900, 1930) (4857, 1987) (4714, 2088) (4585, 2231) (4528, 2316) (4485, 2388) (4485, 2445) (4485, 2459) (4499, 2474) (4542, 2488) (4614, 2560) (4642, 2631) (4728, 2803) (4814, 2931) (4872, 2989) (4929, 3046) (4943, 3060) (4957, 3060) (4972, 3074) (4986, 3074) (5015, 3074) (5029, 3074) (5101, 3017) (5201, 2888) (5258, 2803) (5344, 2660) (5387, 2602) (5387, 2502) (5387, 2459) (5359, 2388) (5344, 2359) (5316, 2316) (5258, 2259) (5230, 2231) (5187, 2231) (5172, 2202) (5158, 2202) (5144, 2202) (5129, 2202) (5115, 2202) (5086, 2202) (5072, 2202) (5072, 2202) (4900, 1916) 
ALightField SCircle TErase 2
(2421, 4662) (2086, 10) 
ATransField SRectangle TErase 2
(974, 3446) (4743, 7122) 
ADarkField SCircle TErase 2
(3940, 8009) (1754, 10) 
